100
6 1 1000000000000000
1 1 1 1 0 100 0
6 1 -100
1 1 1 1 0 100 0
156329 118899 190232621649106
433373864 500957799 48631643 821868923 567622807 921108163 0
53302 53302 -22377291837336
436174233 423865751 951224925 965133683 107329938 901076741 0
500000 500000 1000000000000000
682467085 942526355 938147707 821751352 166935755 822455419 0
65654 4277 -719537232675080
504122637 389409742 467968522 917267076 292530988 464371141 0
500000 500000 1000000000000000
283347430 500908214 708764139 722625761 782444105 917493325 0
500000 117043 539152122246593
286289969 244684027 723808129 538516641 377338140 492881235 0
2 2 1000000000000000
1 1 0 0 0 1000000000 0
259569 7925 500546224935601
468549820 642454407 271393181 575693885 427267317 568731391 0
500000 117396 4174337
6 5 611673633 599727318 671749201 11 0
474897 233375 -427729554077921
572274159 24178332 229145479 764277265 253044638 469332029 0
343270 140820 -818200406435147
546934451 664273795 458559844 240291514 867520346 971953449 0
500000 462396 1273827
4 10 167003036 953333625 561063616 11 0
38223 15930 649446642319617
725813471 516844576 887243047 497450735 138173826 965319739 0
500000 436896 -240308428153222
608575096 472613993 72494161 941002712 922527293 457254295 0
162681 0 -725907279181185
359256883 359256883 0 0 359256883 1000000000 0
43832 20542 -72049986349867
669830368 864634978 801879463 534569711 935562681 646389301 0
500000 500000 1000000000000000
530053771 282956340 834482046 222316191 866362158 112993755 0
215384 140110 803908458197082
293089988 748996364 130048094 675751167 772904971 391118803 0
135033 90242 56421869212305
866056854 232771534 954830993 700733642 362366909 23419708 0
12475 3890 364795649612082
37179323 830379111 572385819 520112393 2001879 439839741 0
44930 26784 -265014624405890
694331768 832978745 937085379 81607547 423378953 564029295 0
397037 263322 1000000000000000
532904228 48869367 13177310 907331873 670059515 522550863 0
500000 42970 -249345557260885
226560410 960320590 294052723 910292629 409724846 95098405 0
7029 5959 -433208008473939
897860965 329462392 812700938 436417331 194718047 368495601 0
447007 211982 515974237330285
531284501 150361982 429193118 654848923 933110936 79948233 0
235029 61221 743430431120625
571181006 343857273 444322072 903664206 919512880 307812565 0
53302 42447 800833957930142
921370622 139115203 953860502 640597008 440664651 421045819 0
500000 500000 483892175166832
736540143 756513311 309989875 473694331 821490881 167557693 0
500000 500000 1000000000000000
999999999 999999999 0 0 999999999 1000000000 0
428850 394247 -601996387758043
713635867 686073850 587527083 612917885 826332774 342375463 0
200816 11066 778862391989546
869252598 988886360 483821757 955932512 139688732 501794433 0
120132 47327 508351073184273
76978790 703423126 580946197 973384160 261059197 454587009 0
397037 397037 -825539445045251
429530975 754791408 708314802 66128232 904847157 189364947 0
455744 355290 378834213631843
224121147 431555293 660687244 462342380 263177532 617585149 0
500000 370732 4130735
4 6 844876525 42318777 844440483 11 0
452393 243935 582359339183903
661234338 638112641 847210440 306501217 35770134 443291415 0
500000 32055 1444908
4 0 57540600 585292750 779901856 11 0
500000 500000 1000000000000000
701109213 806221896 929309465 142285774 912465858 197234225 0
500000 20177 1000000000000000
198741616 277335561 178919498 44727555 681014500 300323983 0
500000 0 1000000000000000
1 1 0 1 0 1000000000 0
500000 459527 2343657
1 10 269864878 852657026 245586137 11 0
464258 36691 -756438379253533
995098646 500101927 147096961 801660427 280661604 44617449 0
500000 0 147574834314400
736866783 736866783 0 0 736866783 1000000000 0
164271 164271 1000000000000000
851332276 709563040 986881277 273450805 960130094 906786887 0
282965 162072 -808535578719820
262829089 521299680 671135382 27042790 716479505 19324427 0
364076 364076 -886468526418717
486709063 8129653 571374383 589183522 633154081 811470801 0
429111 144962 799774526644426
282476612 974060923 422019391 964562703 100230842 397778595 0
476235 178131 -777331754330736
896637741 745920448 172481329 571352942 364462106 204529225 0
137752 126460 999611912940646
476564744 182086960 870998215 385427361 123316330 298001599 0
500000 500000 889105773836839
990907265 300240255 440216754 809453164 720970134 562291197 0
276099 70263 -748363854075444
671527972 978551478 12791899 648653896 924367028 724999984 0
474973 474973 1000000000000000
50434655 321406782 43129372 625342298 452384564 112940907 0
364076 200693 436668385704880
835323730 12095459 595284128 475477301 479617767 840017701 0
500000 14502 4845385
10 0 909607788 367228534 23944333 11 0
411771 411771 1000000000000000
129084354 399946688 438303180 230471245 716987120 29960749 0
500000 140663 1229951
6 3 501707085 383588756 542579072 11 0
397037 137915 569561555637910
975780073 154198575 360323414 617408395 971350965 103880029 0
500000 500000 791431124289038
84729457 425027707 381225199 761055722 725518393 41872923 0
202782 202782 1000000000000000
758577405 816370519 230027034 678580459 476063856 940340727 0
469499 447534 378833894196971
302677429 310392741 220588030 94949187 957107827 960966205 0
346701 195559 -794099364435095
626330945 293278460 282444050 303089930 136995483 830569350 0
472979 428262 690602250928872
207155955 408648122 721653358 830614900 413526616 495816207 0
500000 164119 1000000000000000
265508485 641778845 286699615 586787508 57097330 115329687 0
268160 135392 -692506431721221
503430715 742633075 71583655 650753568 654022518 463767657 0
500000 70147 4974615
1 5 4771069 954951776 37026778 11 0
447007 447007 447830305170471
153813510 789457666 226127270 134232203 93034411 964318139 0
150792 53981 -62682785885740
432519407 122831685 253018477 193419540 662335673 419800381 0
500000 307801 1000000000000000
560044022 866506510 918992252 951741114 787651193 908922147 0
254510 38410 316078899748764
485365493 356164294 263207520 451266716 327078068 884796935 0
1243 0 557028327529190
668949305 668949305 0 0 668949305 1000000000 0
500000 93554 1000000000000000
292056232 628598803 209807364 184932035 246400030 903543217 0
500000 0 -580901087553859
171100751 171100751 0 0 171100751 1000000000 0
265322 263135 197519828474559
239992018 40625368 353487729 872624342 690828153 223872683 0
156217 0 594792100713156
485793019 485793019 0 0 485793019 1000000000 0
437834 172943 561614129672509
429852881 264386933 408743171 901012121 148095179 397807097 0
218222 171276 150616282672208
513706762 523200114 234545132 644029986 737408908 86131463 0
500000 500000 1000000000000000
0 0 0 0 0 1000000000 0
332807 941 673067588036611
997600088 326197533 952524133 660092585 950944498 445207479 0
45756 35113 58324870907556
852542886 197164153 870486313 226162872 163317975 906589171 0
53302 12402 1000000000000000
546011891 784112927 333310550 86179577 157659616 51394713 0
500000 376166 525626516605128
526315988 150523428 862716981 298196602 446138375 947118779 0
500000 125000 125000
1 0 0 1 0 2 0
170655 19920 503146836649101
815910293 447137531 120800144 620621309 829064894 145358029 0
2 1 1000000000000000
1 1 0 0 0 1000000000 0
419617 25833 507780128080699
380482682 39363443 900212934 362352206 939304857 199046201 0
449259 0 416700146622409
750510855 750510855 0 0 750510855 1000000000 0
364076 245441 1000000000000000
921834619 528014438 710206509 301851351 988626364 118614019 0
459166 238744 -564209153796629
345032346 734246237 840276866 801063257 736479025 95583301 0
341462 839 -926819709458330
129550179 254846294 729099998 712757241 689441762 723571479 0
423510 135940 -714377453273251
626314374 270905770 893287777 178928939 639550490 178176512 0
212282 35040 -301746855339844
110581448 981961722 667991064 982561111 110097177 395178806 0
447007 50105 1000000000000000
873826291 72347810 252258103 630196255 897692339 751503231 0
500000 0 -782221420016418
671329663 671329663 0 0 671329663 1000000000 0
500000 0 132426610940206
950064385 950064385 0 0 950064385 1000000000 0
500000 500000 790062596770962
961956329 222235173 895315096 795255668 202818767 346025101 0
58224 35976 703564070890030
278662669 173036507 498913651 713255795 971247869 574578427 0
2 0 1000000000000000
1 1 0 0 0 1000000000 0
248429 130097 408605751928919
416903770 414952518 756750182 820838669 157651490 208949531 0
