100
65 12 53175 73714 79078 78893 53034 97520 9031
29 16 31257 28228 96594 85579 2422 18569 32323
10 10 10001 10002 10003 10004 10005 10006 89273
1 11 60321 94522 3357 10401 12748 48469 68635
77 9 21085 95247 90394 15950 37201 75404 69497
5 13 30154 53345 17146 61076 45678 9455 61673
92 16 5326 16770 20693 28270 69913 40670 24210
23 19 79980 21334 17234 30649 78905 35636 20534
52 10 51008 89351 16973 49746 63152 19154 16162
6 12 54143 59424 57025 40465 21061 75749 54872
45 1 49934 16770 58419 51210 88168 53306 19611
91 10 8725 16272 71267 66073 34096 22511 79150
47 6 40614 63293 24807 6083 42767 23854 60710
87 15 53155 40636 46162 30660 96521 96572 61370
83 10 60918 99934 77622 1799 76080 16913 16701
13 9 66666 14096 16369 13633 224 90987 69217
99 4 97262 11740 3783 37423 82373 12251 88762
95 14 36327 34120 49734 45483 92494 99568 42867
93 9 22796 9864 5807 1736 34116 50936 25079
70 6 73104 17462 66567 10444 55982 57454 47839
40 18 79757 12444 75459 29944 75558 82674 10441
22 1 97583 617 21399 98563 73135 35086 51240
13 20 86826 39977 92205 13949 47768 60904 57277
15 17 91672 51172 15407 45871 69709 99218 30138
43 20 1516 96595 27657 23240 78665 6681 98729
78 7 88388 30737 5826 24414 17289 93137 53363
73 2 89020 27250 59736 87483 68741 72380 70677
21 16 61257 94452 12913 68551 72877 92210 14950
57 15 62030 58620 7518 8478 83217 38022 69449
8 12 6886 70041 4877 75493 32434 12328 56497
11 8 26222 12102 98405 32229 14022 88527 3891
90 17 63024 69375 96749 78352 9530 17749 33589
64 20 63378 13175 33270 44778 68321 43494 62649
40 20 98922 91187 825 19419 55682 84664 30016
73 1 1685 23059 24417 87664 18180 4174 84601
79 3 69990 90229 78010 80504 38792 26771 81183
4 3 7542 94567 71989 35509 9904 41974 21518
2 13 77103 77514 28723 8363 5135 58047 98638
27 4 96628 97092 31785 44593 96055 90506 70606
81 4 29987 2770 6262 13998 86004 7691 47110
70 7 26792 27158 98137 43576 89136 28688 89968
39 3 4946 3919 8791 61044 22495 44116 49590
64 6 96587 52607 55117 21030 53582 44677 29538
31 14 11868 11243 12823 43768 22940 65633 44211
45 6 19010 48607 38524 59697 65637 64869 95267
30 20 43523 69195 26561 25935 72134 22074 64760
4 14 15720 73738 33367 55662 52726 91316 91340
80 3 62855 73005 64229 11136 7293 30963 60198
73 2 34969 11704 60289 84522 72842 64788 40379
6 18 55246 47771 64079 66110 19084 57760 32689
71 3 87122 77807 54601 61241 60059 4661 42052
46 20 16131 55802 90668 13710 37233 41993 23482
18 18 79078 20521 30422 20248 21611 8600 45719
92 11 92979 92222 82775 20646 34769 34937 48877
72 14 16611 27345 57020 46678 82669 11130 86314
4 19 95712 85450 41068 16808 33462 20535 92786
12 3 50958 43503 76541 17959 78277 17930 4624
6 12 3765 3330 85690 33853 62661 45129 92762
89 4 43412 73749 49455 24329 99638 16766 98572
79 13 65956 50440 72299 840 59314 82970 57304
27 6 14896 68101 58623 50776 90846 84995 1764
6 5 64112 57218 81069 2415 45119 89022 4011
78 17 5383 60574 66372 79128 18601 28503 73425
37 3 29444 87190 72238 40959 65116 91127 89329
67 16 6110 76691 62957 67319 33569 81775 54889
82 2 15554 15459 1075 11034 45802 81464 16190
52 20 36723 54480 407 24317 63975 13449 96338
42 16 25010 78547 33630 59374 97327 38364 81277
63 18 42842 25976 54078 593 57930 20681 81558
35 14 37082 82281 9437 14142 16648 65227 58612
2 3 1 2 1 2 1 1 9
35 8 59520 89564 28244 35876 42250 68047 33397
71 5 37317 61238 14701 86196 26301 65825 32405
99 8 1617 42289 2731 88870 77469 34097 88418
22 7 45968 16398 47928 95681 91021 6342 81434
76 10 36100 4004 81535 57915 491 90353 3736
5 1 77465 35699 15835 60622 45346 12100 92047
100 20 100000 100000 100000 100000 100000 100000 100000
45 7 18928 81877 61559 88447 31394 21256 76198
14 12 23060 79706 40854 28044 56673 25774 16301
98 10 62241 56254 50433 89217 14129 34132 40303
28 16 55016 28983 2267 53441 61834 3513 91182
58 18 72926 75791 35412 70571 68101 88303 47190
48 20 37246 1223 66808 86779 50288 25378 41586
7 8 51338 59510 70245 65659 77551 17887 41946
9 2 87547 76274 76995 17839 60705 30506 63672
62 13 22013 82251 43329 25493 69328 81960 36006
59 7 56979 86571 68913 49781 85224 67150 98755
39 14 76477 68632 82414 397 51720 49361 16915
50 5 36784 17658 67294 98821 92707 5224 20704
38 19 49571 89969 70929 786 77642 98081 9879
36 8 56668 43022 70254 40092 52036 1038 41280
64 11 24100 80219 81147 73278 32980 26077 81599
55 5 72799 16572 85434 27681 27551 81424 64676
61 15 66190 77727 71313 88640 43488 13015 75181
80 5 44548 92816 70721 7316 34471 30888 38718
65 19 17798 35740 97628 33863 90845 41627 50166
98 9 2747 34486 32010 15392 67583 44896 56002
91 6 53128 35791 7282 63935 71004 50551 70763
85 9 11462 91252 7633 20441 84911 26200 81468
