100
5
1 2
2 3
2 4
3 4
3 5
3
1 2
1 3
2 3
14
1 2
1 3
2 4
2 5
2 8
3 6
3 9
3 11
4 7
4 12
4 13
7 10
7 14
9 14
8
1 2
1 4
1 5
1 6
2 3
3 8
5 7
5 8
25
1 2
2 3
2 5
3 4
3 6
3 11
5 7
5 14
6 15
7 8
7 18
8 9
8 10
8 16
8 23
9 17
10 12
10 25
11 13
12 19
12 20
13 22
16 18
18 21
21 24
24
1 2
1 9
2 3
2 4
2 5
2 23
3 6
3 8
3 11
5 10
5 12
6 7
6 17
8 14
8 20
10 15
10 19
10 22
11 14
12 13
14 16
14 24
15 18
15 21
30
1 2
1 3
2 3
3 4
4 5
5 6
6 7
7 8
8 9
9 10
10 11
11 12
12 13
13 14
14 15
15 16
16 17
17 18
18 19
19 20
20 21
21 22
22 23
23 24
24 25
25 26
26 27
27 28
28 29
29 30
30
1 2
1 5
1 6
1 16
2 3
2 26
3 4
3 8
3 11
3 17
4 7
5 20
6 10
6 13
7 9
7 14
7 19
8 26
8 28
9 15
10 12
10 29
11 21
11 23
12 18
14 25
14 27
15 24
21 22
24 30
30
1 2
1 30
2 3
3 4
4 5
5 6
6 7
7 8
8 9
9 10
10 11
11 12
12 13
13 14
14 15
15 16
16 17
17 18
18 19
19 20
20 21
21 22
22 23
23 24
24 25
25 26
26 27
27 28
28 29
29 30
12
1 2
1 5
1 10
2 3
2 4
3 6
3 7
6 8
6 9
7 11
8 9
10 12
25
1 2
1 4
1 6
2 3
3 5
4 11
4 13
4 16
4 24
5 7
5 8
5 10
5 19
6 9
6 17
7 9
7 20
9 12
11 15
12 25
13 14
14 22
16 18
18 23
19 21
10
1 2
1 4
1 6
2 3
2 9
3 5
4 7
5 7
6 8
8 10
28
1 2
1 3
1 7
1 9
1 24
2 4
2 5
2 11
2 14
2 17
3 22
4 12
4 25
5 6
6 8
6 13
6 15
7 18
8 10
8 20
10 21
11 27
12 16
12 23
15 19
16 26
18 27
25 28
6
1 2
1 5
2 3
3 4
3 5
4 6
11
1 2
1 3
1 4
1 7
2 6
3 5
3 10
5 10
6 8
8 9
9 11
9
1 2
1 3
1 4
3 4
3 5
4 8
5 6
6 7
8 9
24
1 2
1 5
1 12
2 3
2 4
2 8
2 11
2 13
4 7
4 9
4 21
4 24
5 6
6 10
6 14
7 16
7 21
8 17
8 23
9 18
9 20
12 19
13 22
14 15
22
1 2
1 3
1 4
1 5
1 8
2 14
2 22
3 13
3 14
3 19
4 6
5 10
6 7
6 12
6 20
8 9
10 11
11 15
12 17
14 16
15 21
17 18
22
1 2
1 3
1 4
1 10
1 22
2 7
2 9
2 17
3 5
3 15
4 11
5 6
5 7
5 13
5 19
6 20
6 21
7 8
7 12
10 14
11 18
12 16
23
1 2
1 3
1 4
1 8
1 12
2 9
2 14
3 16
4 5
4 17
5 6
5 7
5 15
6 10
6 11
6 17
6 19
7 21
8 13
8 22
11 18
11 20
21 23
5
1 2
1 3
1 4
1 5
4 5
14
1 2
1 9
2 3
2 4
2 6
3 5
4 7
4 8
7 8
8 13
9 10
9 11
9 12
9 14
8
1 2
1 3
2 4
2 7
2 8
4 5
4 8
5 6
7
1 2
1 3
1 4
1 7
2 6
3 7
4 5
7
1 2
1 3
1 6
2 7
3 4
3 6
4 5
16
1 2
1 3
2 4
2 6
2 7
2 13
3 5
3 8
4 12
5 9
5 15
6 7
6 14
8 11
9 10
15 16
25
1 2
1 3
1 4
1 5
1 23
2 8
3 6
3 15
4 11
4 12
5 9
6 7
6 22
6 25
7 10
7 20
8 13
8 18
9 21
11 17
12 14
12 16
14 16
15 19
19 24
20
1 2
1 3
2 4
2 5
2 7
3 6
3 14
5 11
5 16
7 8
7 10
8 9
8 18
9 12
9 13
9 15
10 19
10 20
11 13
11 17
4
1 2
2 3
2 4
3 4
4
1 2
1 3
2 3
3 4
18
1 2
1 5
1 6
1 7
1 12
2 3
2 4
3 18
4 11
5 8
6 9
6 14
6 15
7 10
9 10
10 13
12 16
13 17
25
1 2
1 20
1 21
2 3
2 4
2 5
3 7
4 6
4 12
5 8
5 9
6 10
7 11
7 15
7 24
8 17
11 13
11 19
12 14
14 16
16 18
16 25
18 22
22 23
22 24
29
1 2
1 3
1 4
1 6
1 16
1 22
1 24
2 8
3 5
3 7
3 9
3 10
3 17
3 26
5 23
6 21
7 29
8 12
9 11
9 13
9 14
10 19
11 18
12 15
12 27
14 20
15 26
21 28
22 25
6
1 2
1 4
1 5
2 3
3 4
3 6
23
1 2
1 6
1 20
2 3
3 4
3 21
4 5
5 10
6 7
6 8
6 9
7 11
7 13
8 22
10 18
11 12
11 14
11 15
12 16
12 23
13 17
14 19
15 23
13
1 2
1 5
1 6
2 3
2 8
2 12
3 4
4 6
4 9
4 11
5 7
8 10
8 13
22
1 2
1 5
1 7
1 11
2 3
2 9
3 4
3 14
3 16
4 8
4 15
5 6
5 13
7 12
7 20
8 10
10 17
11 22
12 18
16 20
17 19
20 21
14
1 2
1 10
2 3
2 4
2 5
2 6
3 13
3 14
5 8
6 7
7 11
8 9
10 12
13 14
30
1 2
1 3
1 6
2 5
2 7
2 9
2 11
3 4
3 19
3 23
4 15
5 10
6 8
6 12
6 16
6 22
7 10
7 29
8 17
10 13
12 25
13 14
14 18
14 21
15 20
17 27
20 24
20 28
23 26
24 30
16
1 2
1 3
2 16
3 4
3 6
4 5
4 9
4 13
4 15
5 7
5 8
5 11
5 16
7 10
9 14
10 12
5
1 2
1 5
2 3
2 4
4 5
8
1 2
1 3
3 4
3 5
3 7
3 8
4 6
5 6
6
1 2
2 3
2 4
2 6
3 5
3 6
7
1 2
1 3
1 6
2 4
2 5
3 6
3 7
7
1 2
1 3
2 5
2 7
3 4
3 6
6 7
30
1 2
1 13
1 14
1 16
2 3
2 8
2 28
2 29
2 30
3 4
3 5
3 19
3 20
3 27
4 15
4 26
5 6
5 18
6 7
6 9
6 12
8 10
8 11
10 17
16 23
16 29
17 21
17 22
19 24
24 25
9
1 2
1 3
1 6
2 4
3 5
3 7
3 8
4 9
5 8
5
1 2
1 3
1 5
2 3
3 4
25
1 2
1 3
1 6
1 12
2 7
2 9
2 21
2 25
3 4
3 5
3 8
3 14
3 16
5 18
6 10
7 23
10 11
10 15
11 13
11 19
13 22
14 20
15 17
15 24
17 24
7
1 2
2 3
2 4
2 5
2 6
3 7
4 7
14
1 2
1 3
1 4
1 12
3 5
3 6
3 13
4 11
4 14
5 9
6 7
6 10
6 13
7 8
12
1 2
1 3
1 9
2 4
2 6
2 12
3 10
4 5
4 7
4 8
8 9
9 11
28
1 2
1 4
1 9
2 3
2 5
2 11
3 14
3 19
4 26
5 6
5 16
5 21
5 22
6 7
6 8
6 15
8 17
9 10
10 18
10 23
11 12
11 13
11 27
13 14
17 20
23 24
23 25
24 28
14
1 2
1 3
1 4
1 6
1 8
2 7
3 9
3 12
4 5
6 10
7 13
9 11
10 13
12 14
18
1 2
1 4
1 9
1 10
2 3
3 5
3 7
3 8
3 11
3 18
4 14
4 17
5 6
5 12
7 13
7 16
12 14
14 15
19
1 2
1 3
1 4
1 5
1 6
2 12
2 13
3 7
3 14
5 9
7 8
7 16
8 10
8 19
9 11
12 18
13 15
13 17
16 19
4
1 2
1 3
1 4
2 4
15
1 2
1 3
1 5
1 8
2 4
2 11
2 14
3 6
3 12
4 7
4 13
5 9
5 10
5 13
8 15
11
1 2
1 3
1 7
1 8
2 5
2 10
3 4
3 6
3 11
4 9
7 11
20
1 2
1 3
1 8
2 4
2 5
2 10
2 12
5 6
5 7
6 9
6 11
6 13
6 15
7 19
8 14
8 18
9 20
15 16
15 17
16 19
27
1 2
1 3
1 4
1 5
1 7
1 10
1 16
2 8
2 13
2 18
3 12
3 17
4 6
4 23
4 27
5 15
5 22
6 9
6 21
7 14
8 11
9 20
10 24
12 25
13 19
18 24
19 26
22
1 2
1 5
1 9
1 10
2 3
2 4
2 8
3 13
4 21
5 6
5 7
5 20
6 18
7 15
8 14
9 12
10 11
13 15
13 19
14 16
16 17
17 22
15
1 2
1 11
1 14
2 3
2 4
2 6
2 11
3 13
4 5
4 9
5 7
6 8
7 10
7 12
12 15
20
1 2
1 11
2 3
2 4
2 12
3 18
4 5
4 7
4 14
4 20
5 6
5 10
5 15
6 9
7 8
9 11
9 16
12 13
14 19
15 17
11
1 2
1 3
1 5
1 10
2 5
3 4
3 7
3 8
3 11
5 6
7 9
9
1 2
1 3
1 8
2 5
3 4
4 7
5 6
5 7
5 9
18
1 2
1 3
1 6
1 8
1 11
2 4
3 5
3 7
4 8
5 16
6 9
6 13
7 10
7 14
9 12
10 15
12 18
15 17
11
1 2
1 4
1 10
2 3
2 8
3 5
4 6
4 7
7 9
9 10
10 11
14
1 2
1 12
1 14
2 3
2 5
3 4
3 9
4 6
5 7
5 8
8 11
9 10
9 11
11 13
30
1 2
1 3
1 5
1 8
1 10
2 4
2 19
2 23
3 20
4 9
4 21
4 28
5 6
5 7
5 13
6 27
6 30
7 24
9 11
9 12
9 14
10 22
11 17
13 15
13 16
13 18
15 25
23 25
23 26
27 29
25
1 2
1 3
1 7
1 10
1 13
2 4
3 5
3 19
4 6
4 23
6 8
6 15
7 16
8 9
8 17
8 25
9 11
9 14
11 12
12 18
12 21
12 22
13 16
16 20
21 24
26
1 2
1 3
1 9
1 12
2 6
3 4
3 7
3 24
4 5
4 10
4 20
5 16
6 22
7 8
7 13
8 11
9 16
10 19
11 15
11 17
12 18
12 26
13 14
15 25
19 21
22 23
23
1 2
1 3
1 7
3 4
3 5
3 8
3 9
3 15
4 6
4 12
4 20
5 8
5 16
6 19
7 23
8 18
9 10
9 14
10 11
11 13
12 17
18 21
21 22
23
1 2
1 3
1 7
1 16
2 4
3 6
4 5
4 8
5 10
5 14
5 19
5 22
6 9
6 12
7 20
8 11
10 13
11 21
12 15
12 17
14 18
15 21
17 23
30
1 2
2 3
2 7
2 17
3 4
3 5
3 9
3 12
3 19
3 25
3 26
4 8
4 14
4 28
4 30
5 6
5 11
5 21
5 22
5 29
6 13
6 15
6 24
8 10
8 23
8 27
11 16
17 18
17 20
21 26
7
1 2
1 3
2 5
2 7
3 4
5 6
5 7
17
1 2
1 5
1 17
2 3
2 4
2 9
2 12
2 14
3 10
3 15
4 7
5 6
5 13
6 8
7 11
10 16
14 15
16
1 2
1 3
1 6
1 14
1 15
2 7
2 8
2 9
3 4
4 5
7 11
8 10
8 14
10 12
11 16
12 13
12
1 2
1 3
1 6
1 11
2 7
2 10
3 4
3 10
4 5
6 8
6 12
8 9
26
1 2
1 3
1 5
1 15
2 4
2 9
2 18
3 8
3 10
4 12
4 22
5 6
5 7
6 21
7 20
8 18
9 17
9 25
10 11
10 14
11 13
14 19
15 16
17 23
19 26
21 24
30
1 2
2 3
3 4
4 5
5 6
6 7
7 8
8 9
9 10
10 11
11 12
12 13
13 14
14 15
15 16
16 17
17 18
18 19
19 20
20 21
21 22
22 23
23 24
24 25
25 26
26 27
27 28
28 29
28 30
29 30
21
1 2
2 3
2 5
2 6
2 13
2 21
3 4
3 7
3 8
3 16
4 14
4 15
4 17
5 9
5 10
5 17
7 11
7 19
8 20
10 12
16 18
26
1 2
1 3
1 6
1 11
1 16
2 5
3 4
3 7
3 8
3 14
4 6
4 10
5 13
7 9
11 12
11 19
11 22
11 23
11 26
14 15
14 21
15 24
16 17
16 18
18 20
22 25
5
1 2
1 3
1 4
2 5
3 4
15
1 2
1 3
1 4
1 13
3 5
4 7
4 11
5 6
5 8
5 9
5 10
7 12
7 15
9 14
10 13
5
1 2
1 4
2 3
3 4
4 5
9
1 2
1 3
1 5
1 7
2 4
2 9
3 6
4 8
6 8
6
1 2
1 5
2 3
2 4
2 6
3 6
11
1 2
1 4
1 5
1 6
2 3
2 7
2 8
4 10
5 7
5 9
10 11
18
1 2
1 3
1 13
2 7
2 18
3 4
3 5
4 10
4 16
5 6
5 11
6 8
6 18
7 14
8 9
9 12
13 15
13 17
10
1 2
2 3
2 4
2 5
3 6
4 9
5 7
5 8
6 9
6 10
6
1 2
1 6
2 3
2 4
2 5
5 6
8
1 2
1 7
2 3
2 4
2 5
3 6
4 6
5 8
27
1 2
1 3
1 4
1 8
1 11
1 13
2 5
2 10
3 20
4 12
4 17
5 6
6 7
6 25
8 9
8 18
9 26
11 12
11 15
11 16
13 14
14 21
16 19
16 23
16 24
17 27
18 22
5
1 2
1 4
1 5
2 3
2 5
6
1 2
1 3
1 6
2 5
3 4
4 6
6
1 2
1 3
1 5
2 4
2 5
3 6
19
1 2
1 3
2 4
2 8
2 14
3 5
3 14
5 6
5 7
6 9
6 19
8 10
8 12
8 13
8 15
8 16
9 11
9 18
11 17
29
1 2
1 4
1 6
1 17
1 29
2 3
2 7
2 9
2 16
3 8
4 5
5 13
5 18
6 28
7 10
7 11
7 14
8 27
9 15
9 21
10 12
10 25
11 20
14 24
15 23
17 19
19 22
19 25
19 26
29
1 2
1 4
2 3
2 5
2 6
2 8
2 11
2 13
2 14
4 21
5 7
5 24
5 26
7 9
7 10
7 15
7 18
9 10
10 12
10 16
10 17
10 19
13 25
16 20
16 27
17 22
18 23
18 28
23 29
